0 -100
0.01 -99.995
0.02 -99.98
0.03 -99.955
0.04 -99.92
0.05 -99.875
0.06 -99.8201
0.07 -99.7551
0.08 -99.6802
0.09 -99.5953
0.1 -99.5004
0.11 -99.3956
0.12 -99.2809
0.13 -99.1562
0.14 -99.0216
0.15 -98.8771
0.16 -98.7227
0.17 -98.5585
0.18 -98.3844
0.19 -98.2004
0.2 -98.0067
0.21 -97.8031
0.22 -97.5897
0.23 -97.3666
0.24 -97.1338
0.25 -96.8912
0.26 -96.639
0.27 -96.3771
0.28 -96.1055
0.29 -95.8244
0.3 -95.5336
0.31 -95.2334
0.32 -94.9235
0.33 -94.6042
0.34 -94.2755
0.35 -93.9373
0.36 -93.5897
0.37 -93.2327
0.38 -92.8665
0.39 -92.4909
0.4 -92.1061
0.41 -91.7121
0.42 -91.3089
0.43 -90.8966
0.44 -90.4752
0.45 -90.0447
0.46 -89.6052
0.47 -89.1568
0.48 -88.6995
0.49 -88.2333
0.5 -87.7583
0.51 -87.2745
0.52 -86.7819
0.53 -86.2807
0.54 -85.7709
0.55 -85.2525
0.56 -84.7255
0.57 -84.1901
0.58 -83.6463
0.59 -83.0941
0.6 -82.5336
0.61 -81.9648
0.62 -81.3878
0.63 -80.8028
0.64 -80.2096
0.65 -79.6084
0.66 -78.9992
0.67 -78.3822
0.68 -77.7573
0.69 -77.1246
0.7 -76.4842
0.71 -75.8362
0.72 -75.1806
0.73 -74.5174
0.74 -73.8469
0.75 -73.1689
0.76 -72.4836
0.77 -71.7911
0.78 -71.0914
0.79 -70.3845
0.8 -69.6707
0.81 -68.9498
0.82 -68.2221
0.83 -67.4876
0.84 -66.7463
0.85 -65.9983
0.86 -65.2437
0.87 -64.4827
0.88 -63.7151
0.89 -62.9412
0.9 -62.161
0.91 -61.3746
0.92 -60.582
0.93 -59.7834
0.94 -58.9788
0.95 -58.1683
0.96 -57.352
0.97 -56.53
0.98 -55.7023
0.99 -54.869
1 -54.0302
1.01 -53.1861
1.02 -52.3366
1.03 -51.4819
1.04 -50.622
1.05 -49.7571
1.06 -48.8872
1.07 -48.0124
1.08 -47.1328
1.09 -46.2485
1.1 -45.3596
1.11 -44.4662
1.12 -43.5682
1.13 -42.666
1.14 -41.7595
1.15 -40.8487
1.16 -39.934
1.17 -39.0152
1.18 -38.0925
1.19 -37.166
1.2 -36.2358
1.21 -35.3019
1.22 -34.3646
1.23 -33.4238
1.24 -32.4796
1.25 -31.5322
1.26 -30.5817
1.27 -29.6281
1.28 -28.6715
1.29 -27.7121
1.3 -26.7499
1.31 -25.785
1.32 -24.8175
1.33 -23.8476
1.34 -22.8753
1.35 -21.9007
1.36 -20.9239
1.37 -19.945
1.38 -18.9641
1.39 -17.9813
1.4 -16.9967
1.41 -16.0104
1.42 -15.0225
1.43 -14.0332
1.44 -13.0424
1.45 -12.0503
1.46 -11.057
1.47 -10.0626
1.48 -9.06716
1.49 -8.07084
1.5 -7.07372
1.51 -6.07589
1.52 -5.07745
1.53 -4.0785
1.54 -3.07915
1.55 -2.07948
1.56 -1.07961
1.57 -0.0796327
1.58 0.920354
1.59 1.92025
1.6 2.91995
1.61 3.91936
1.62 4.91838
1.63 5.91691
1.64 6.91484
1.65 7.91209
1.66 8.90854
1.67 9.9041
1.68 10.8987
1.69 11.8922
1.7 12.8844
1.71 13.8755
1.72 14.8651
1.73 15.8532
1.74 16.8397
1.75 17.8246
1.76 18.8077
1.77 19.7889
1.78 20.7681
1.79 21.7452
1.8 22.7202
1.81 23.6929
1.82 24.6632
1.83 25.6311
1.84 26.5964
1.85 27.559
1.86 28.5189
1.87 29.4759
1.88 30.43
1.89 31.3811
1.9 32.329
1.91 33.2736
1.92 34.215
1.93 35.1529
1.94 36.0873
1.95 37.0181
1.96 37.9452
1.97 38.8685
1.98 39.7879
1.99 40.7033
2 41.6147
2.01 42.5219
2.02 43.4248
2.03 44.3234
2.04 45.2176
2.05 46.1073
2.06 46.9923
2.07 47.8727
2.08 48.7482
2.09 49.6189
2.1 50.4846
2.11 51.3453
2.12 52.2008
2.13 53.0511
2.14 53.8961
2.15 54.7358
2.16 55.5699
2.17 56.3985
2.18 57.2215
2.19 58.0387
2.2 58.8501
2.21 59.6557
2.22 60.4552
2.23 61.2488
2.24 62.0362
2.25 62.8174
2.26 63.5923
2.27 64.3608
2.28 65.123
2.29 65.8786
2.3 66.6276
2.31 67.37
2.32 68.1056
2.33 68.8344
2.34 69.5563
2.35 70.2713
2.36 70.9793
2.37 71.6801
2.38 72.3738
2.39 73.0602
2.4 73.7394
2.41 74.4111
2.42 75.0755
2.43 75.7323
2.44 76.3815
2.45 77.0231
2.46 77.657
2.47 78.2832
2.48 78.9015
2.49 79.5119
2.5 80.1144
2.51 80.7088
2.52 81.2952
2.53 81.8735
2.54 82.4435
2.55 83.0054
2.56 83.5589
2.57 84.104
2.58 84.6408
2.59 85.1691
2.6 85.6889
2.61 86.2001
2.62 86.7027
2.63 87.1966
2.64 87.6818
2.65 88.1582
2.66 88.6258
2.67 89.0846
2.68 89.5344
2.69 89.9753
2.7 90.4072
2.71 90.8301
2.72 91.2438
2.73 91.6485
2.74 92.044
2.75 92.4302
2.76 92.8073
2.77 93.175
2.78 93.5335
2.79 93.8825
2.8 94.2222
2.81 94.5525
2.82 94.8733
2.83 95.1847
2.84 95.4865
2.85 95.7787
2.86 96.0614
2.87 96.3345
2.88 96.5979
2.89 96.8517
2.9 97.0958
2.91 97.3302
2.92 97.5549
2.93 97.7698
2.94 97.9749
2.95 98.1702
2.96 98.3557
2.97 98.5314
2.98 98.6972
2.99 98.8532
3 98.9992
3.01 99.1354
3.02 99.2617
3.03 99.378
3.04 99.4844
3.05 99.5808
3.06 99.6673
3.07 99.7438
3.08 99.8104
3.09 99.8669
3.1 99.9135
3.11 99.9501
3.12 99.9767
3.13 99.9933
3.14 99.9999
