0 0
0.01 -0.1198
0.02 -0.2392
0.03 -0.3582
0.04 -0.4768
0.05 -0.595
0.06 -0.7128
0.07 -0.8302
0.08 -0.9472
0.09 -1.0638
0.1 -1.18
0.11 -1.2958
0.12 -1.4112
0.13 -1.5262
0.14 -1.6408
0.15 -1.755
0.16 -1.8688
0.17 -1.9822
0.18 -2.0952
0.19 -2.2078
0.2 -2.32
0.21 -2.4318
0.22 -2.5432
0.23 -2.6542
0.24 -2.7648
0.25 -2.875
0.26 -2.9848
0.27 -3.0942
0.28 -3.2032
0.29 -3.3118
0.3 -3.42
0.31 -3.5278
0.32 -3.6352
0.33 -3.7422
0.34 -3.8488
0.35 -3.955
0.36 -4.0608
0.37 -4.1662
0.38 -4.2712
0.39 -4.3758
0.4 -4.48
0.41 -4.5838
0.42 -4.6872
0.43 -4.7902
0.44 -4.8928
0.45 -4.995
0.46 -5.0968
0.47 -5.1982
0.48 -5.2992
0.49 -5.3998
0.5 -5.5
0.51 -5.5998
0.52 -5.6992
0.53 -5.7982
0.54 -5.8968
0.55 -5.995
0.56 -6.0928
0.57 -6.1902
0.58 -6.2872
0.59 -6.3838
0.6 -6.48
0.61 -6.5758
0.62 -6.6712
0.63 -6.7662
0.64 -6.8608
0.65 -6.955
0.66 -7.0488
0.67 -7.1422
0.68 -7.2352
0.69 -7.3278
0.7 -7.42
0.71 -7.5118
0.72 -7.6032
0.73 -7.6942
0.74 -7.7848
0.75 -7.875
0.76 -7.9648
0.77 -8.0542
0.78 -8.1432
0.79 -8.2318
0.8 -8.32
0.81 -8.4078
0.82 -8.4952
0.83 -8.5822
0.84 -8.6688
0.85 -8.755
0.86 -8.8408
0.87 -8.9262
0.88 -9.0112
0.89 -9.0958
0.9 -9.18
0.91 -9.2638
0.92 -9.3472
0.93 -9.4302
0.94 -9.5128
0.95 -9.595
0.96 -9.6768
0.97 -9.7582
0.98 -9.8392
0.99 -9.9198
1 -10
1.01 -10.0798
1.02 -10.1592
1.03 -10.2382
1.04 -10.3168
1.05 -10.395
1.06 -10.4728
1.07 -10.5502
1.08 -10.6272
1.09 -10.7038
1.1 -10.78
1.11 -10.8558
1.12 -10.9312
1.13 -11.0062
1.14 -11.0808
1.15 -11.155
1.16 -11.2288
1.17 -11.3022
1.18 -11.3752
1.19 -11.4478
1.2 -11.52
1.21 -11.5918
1.22 -11.6632
1.23 -11.7342
1.24 -11.8048
1.25 -11.875
1.26 -11.9448
1.27 -12.0142
1.28 -12.0832
1.29 -12.1518
1.3 -12.22
1.31 -12.2878
1.32 -12.3552
1.33 -12.4222
1.34 -12.4888
1.35 -12.555
1.36 -12.6208
1.37 -12.6862
1.38 -12.7512
1.39 -12.8158
1.4 -12.88
1.41 -12.9438
1.42 -13.0072
1.43 -13.0702
1.44 -13.1328
1.45 -13.195
1.46 -13.2568
1.47 -13.3182
1.48 -13.3792
1.49 -13.4398
1.5 -13.5
1.51 -13.5598
1.52 -13.6192
1.53 -13.6782
1.54 -13.7368
1.55 -13.795
1.56 -13.8528
1.57 -13.9102
1.58 -13.9672
1.59 -14.0238
1.6 -14.08
1.61 -14.1358
1.62 -14.1912
1.63 -14.2462
1.64 -14.3008
1.65 -14.355
1.66 -14.4088
1.67 -14.4622
1.68 -14.5152
1.69 -14.5678
1.7 -14.62
1.71 -14.6718
1.72 -14.7232
1.73 -14.7742
1.74 -14.8248
1.75 -14.875
1.76 -14.9248
1.77 -14.9742
1.78 -15.0232
1.79 -15.0718
1.8 -15.12
1.81 -15.1678
1.82 -15.2152
1.83 -15.2622
1.84 -15.3088
1.85 -15.355
1.86 -15.4008
1.87 -15.4462
1.88 -15.4912
1.89 -15.5358
1.9 -15.58
1.91 -15.6238
1.92 -15.6672
1.93 -15.7102
1.94 -15.7528
1.95 -15.795
1.96 -15.8368
1.97 -15.8782
1.98 -15.9192
1.99 -15.9598
2 -16
2.01 -16.0398
2.02 -16.0792
2.03 -16.1182
2.04 -16.1568
2.05 -16.195
2.06 -16.2328
2.07 -16.2702
2.08 -16.3072
2.09 -16.3438
2.1 -16.38
2.11 -16.4158
2.12 -16.4512
2.13 -16.4862
2.14 -16.5208
2.15 -16.555
2.16 -16.5888
2.17 -16.6222
2.18 -16.6552
2.19 -16.6878
2.2 -16.72
2.21 -16.7518
2.22 -16.7832
2.23 -16.8142
2.24 -16.8448
2.25 -16.875
2.26 -16.9048
2.27 -16.9342
2.28 -16.9632
2.29 -16.9918
2.3 -17.02
2.31 -17.0478
2.32 -17.0752
2.33 -17.1022
2.34 -17.1288
2.35 -17.155
2.36 -17.1808
2.37 -17.2062
2.38 -17.2312
2.39 -17.2558
2.4 -17.28
2.41 -17.3038
2.42 -17.3272
2.43 -17.3502
2.44 -17.3728
2.45 -17.395
2.46 -17.4168
2.47 -17.4382
2.48 -17.4592
2.49 -17.4798
2.5 -17.5
2.51 -17.5198
2.52 -17.5392
2.53 -17.5582
2.54 -17.5768
2.55 -17.595
2.56 -17.6128
2.57 -17.6302
2.58 -17.6472
2.59 -17.6638
2.6 -17.68
2.61 -17.6958
2.62 -17.7112
2.63 -17.7262
2.64 -17.7408
2.65 -17.755
2.66 -17.7688
2.67 -17.7822
2.68 -17.7952
2.69 -17.8078
2.7 -17.82
2.71 -17.8318
2.72 -17.8432
2.73 -17.8542
2.74 -17.8648
2.75 -17.875
2.76 -17.8848
2.77 -17.8942
2.78 -17.9032
2.79 -17.9118
2.8 -17.92
2.81 -17.9278
2.82 -17.9352
2.83 -17.9422
2.84 -17.9488
2.85 -17.955
2.86 -17.9608
2.87 -17.9662
2.88 -17.9712
2.89 -17.9758
2.9 -17.98
2.91 -17.9838
2.92 -17.9872
2.93 -17.9902
2.94 -17.9928
2.95 -17.995
2.96 -17.9968
2.97 -17.9982
2.98 -17.9992
2.99 -17.9998
3 -18
3.01 -17.9998
3.02 -17.9992
3.03 -17.9982
3.04 -17.9968
3.05 -17.995
3.06 -17.9928
3.07 -17.9902
3.08 -17.9872
3.09 -17.9838
3.1 -17.98
3.11 -17.9758
3.12 -17.9712
3.13 -17.9662
3.14 -17.9608
3.15 -17.955
3.16 -17.9488
3.17 -17.9422
3.18 -17.9352
3.19 -17.9278
3.2 -17.92
3.21 -17.9118
3.22 -17.9032
3.23 -17.8942
3.24 -17.8848
3.25 -17.875
3.26 -17.8648
3.27 -17.8542
3.28 -17.8432
3.29 -17.8318
3.3 -17.82
3.31 -17.8078
3.32 -17.7952
3.33 -17.7822
3.34 -17.7688
3.35 -17.755
3.36 -17.7408
3.37 -17.7262
3.38 -17.7112
3.39 -17.6958
3.4 -17.68
3.41 -17.6638
3.42 -17.6472
3.43 -17.6302
3.44 -17.6128
3.45 -17.595
3.46 -17.5768
3.47 -17.5582
3.48 -17.5392
3.49 -17.5198
3.5 -17.5
3.51 -17.4798
3.52 -17.4592
3.53 -17.4382
3.54 -17.4168
3.55 -17.395
3.56 -17.3728
3.57 -17.3502
3.58 -17.3272
3.59 -17.3038
3.6 -17.28
3.61 -17.2558
3.62 -17.2312
3.63 -17.2062
3.64 -17.1808
3.65 -17.155
3.66 -17.1288
3.67 -17.1022
3.68 -17.0752
3.69 -17.0478
3.7 -17.02
3.71 -16.9918
3.72 -16.9632
3.73 -16.9342
3.74 -16.9048
3.75 -16.875
3.76 -16.8448
3.77 -16.8142
3.78 -16.7832
3.79 -16.7518
3.8 -16.72
3.81 -16.6878
3.82 -16.6552
3.83 -16.6222
3.84 -16.5888
3.85 -16.555
3.86 -16.5208
3.87 -16.4862
3.88 -16.4512
3.89 -16.4158
3.9 -16.38
3.91 -16.3438
3.92 -16.3072
3.93 -16.2702
3.94 -16.2328
3.95 -16.195
3.96 -16.1568
3.97 -16.1182
3.98 -16.0792
3.99 -16.0398
4 -16
4.01 -15.9598
4.02 -15.9192
4.03 -15.8782
4.04 -15.8368
4.05 -15.795
4.06 -15.7528
4.07 -15.7102
4.08 -15.6672
4.09 -15.6238
4.1 -15.58
4.11 -15.5358
4.12 -15.4912
4.13 -15.4462
4.14 -15.4008
4.15 -15.355
4.16 -15.3088
4.17 -15.2622
4.18 -15.2152
4.19 -15.1678
4.2 -15.12
4.21 -15.0718
4.22 -15.0232
4.23 -14.9742
4.24 -14.9248
4.25 -14.875
4.26 -14.8248
4.27 -14.7742
4.28 -14.7232
4.29 -14.6718
4.3 -14.62
4.31 -14.5678
4.32 -14.5152
4.33 -14.4622
4.34 -14.4088
4.35 -14.355
4.36 -14.3008
4.37 -14.2462
4.38 -14.1912
4.39 -14.1358
4.4 -14.08
4.41 -14.0238
4.42 -13.9672
4.43 -13.9102
4.44 -13.8528
4.45 -13.795
4.46 -13.7368
4.47 -13.6782
4.48 -13.6192
4.49 -13.5598
4.5 -13.5
4.51 -13.4398
4.52 -13.3792
4.53 -13.3182
4.54 -13.2568
4.55 -13.195
4.56 -13.1328
4.57 -13.0702
4.58 -13.0072
4.59 -12.9438
4.6 -12.88
4.61 -12.8158
4.62 -12.7512
4.63 -12.6862
4.64 -12.6208
4.65 -12.555
4.66 -12.4888
4.67 -12.4222
4.68 -12.3552
4.69 -12.2878
4.7 -12.22
4.71 -12.1518
4.72 -12.0832
4.73 -12.0142
4.74 -11.9448
4.75 -11.875
4.76 -11.8048
4.77 -11.7342
4.78 -11.6632
4.79 -11.5918
4.8 -11.52
4.81 -11.4478
4.82 -11.3752
4.83 -11.3022
4.84 -11.2288
4.85 -11.155
4.86 -11.0808
4.87 -11.0062
4.88 -10.9312
4.89 -10.8558
4.9 -10.78
4.91 -10.7038
4.92 -10.6272
4.93 -10.5502
4.94 -10.4728
4.95 -10.395
4.96 -10.3168
4.97 -10.2382
4.98 -10.1592
4.99 -10.0798
5 -10
5.01 -9.9198
5.02 -9.8392
5.03 -9.7582
5.04 -9.6768
5.05 -9.595
5.06 -9.5128
5.07 -9.4302
5.08 -9.3472
5.09 -9.2638
5.1 -9.18
5.11 -9.0958
5.12 -9.0112
5.13 -8.9262
5.14 -8.8408
5.15 -8.755
5.16 -8.6688
5.17 -8.5822
5.18 -8.4952
5.19 -8.4078
5.2 -8.32
5.21 -8.2318
5.22 -8.1432
5.23 -8.0542
5.24 -7.9648
5.25 -7.875
5.26 -7.7848
5.27 -7.6942
5.28 -7.6032
5.29 -7.5118
5.3 -7.42
5.31 -7.3278
5.32 -7.2352
5.33 -7.1422
5.34 -7.0488
5.35 -6.955
5.36 -6.8608
5.37 -6.7662
5.38 -6.6712
5.39 -6.5758
5.4 -6.48
5.41 -6.3838
5.42 -6.2872
5.43 -6.1902
5.44 -6.0928
5.45 -5.995
5.46 -5.8968
5.47 -5.7982
5.48 -5.6992
5.49 -5.5998
5.5 -5.5
5.51 -5.3998
5.52 -5.2992
5.53 -5.1982
5.54 -5.0968
5.55 -4.995
5.56 -4.8928
5.57 -4.7902
5.58 -4.6872
5.59 -4.5838
5.6 -4.48
5.61 -4.3758
5.62 -4.2712
5.63 -4.1662
5.64 -4.0608
5.65 -3.955
5.66 -3.8488
5.67 -3.7422
5.68 -3.6352
5.69 -3.5278
5.7 -3.42
5.71 -3.3118
5.72 -3.2032
5.73 -3.0942
5.74 -2.9848
5.75 -2.875
5.76 -2.7648
5.77 -2.6542
5.78 -2.5432
5.79 -2.4318
5.8 -2.32
5.81 -2.2078
5.82 -2.0952
5.83 -1.9822
5.84 -1.8688
5.85 -1.755
5.86 -1.6408
5.87 -1.5262
5.88 -1.4112
5.89 -1.2958
5.9 -1.18
5.91 -1.0638
5.92 -0.9472
5.93 -0.8302
5.94 -0.7128
5.95 -0.595
5.96 -0.4768
5.97 -0.3582
5.98 -0.2392
5.99 -0.1198
6 -1.00897e-12
6.01 0.1202
6.02 0.2408
6.03 0.3618
6.04 0.4832
6.05 0.605
6.06 0.7272
6.07 0.8498
6.08 0.9728
6.09 1.0962
6.1 1.22
6.11 1.3442
6.12 1.4688
6.13 1.5938
6.14 1.7192
6.15 1.845
6.16 1.9712
6.17 2.0978
6.18 2.2248
6.19 2.3522
6.2 2.48
6.21 2.6082
6.22 2.7368
6.23 2.8658
6.24 2.9952
6.25 3.125
6.26 3.2552
6.27 3.3858
6.28 3.5168
6.29 3.6482
6.3 3.78
6.31 3.9122
6.32 4.0448
6.33 4.1778
6.34 4.3112
6.35 4.445
6.36 4.5792
6.37 4.7138
6.38 4.8488
6.39 4.9842
6.4 5.12
6.41 5.2562
6.42 5.3928
6.43 5.5298
6.44 5.6672
6.45 5.805
6.46 5.9432
6.47 6.0818
6.48 6.2208
6.49 6.3602
6.5 6.5
6.51 6.6402
6.52 6.7808
6.53 6.9218
6.54 7.0632
6.55 7.205
6.56 7.3472
6.57 7.4898
6.58 7.6328
6.59 7.7762
6.6 7.92
6.61 8.0642
6.62 8.2088
6.63 8.3538
6.64 8.4992
6.65 8.645
6.66 8.7912
6.67 8.9378
6.68 9.0848
6.69 9.2322
6.7 9.38
6.71 9.5282
6.72 9.6768
6.73 9.8258
6.74 9.9752
6.75 10.125
6.76 10.2752
6.77 10.4258
6.78 10.5768
6.79 10.7282
6.8 10.88
6.81 11.0322
6.82 11.1848
6.83 11.3378
6.84 11.4912
6.85 11.645
6.86 11.7992
6.87 11.9538
6.88 12.1088
6.89 12.2642
6.9 12.42
6.91 12.5762
6.92 12.7328
6.93 12.8898
6.94 13.0472
6.95 13.205
6.96 13.3632
6.97 13.5218
6.98 13.6808
6.99 13.8402
7 14
7.01 14.1602
7.02 14.3208
7.03 14.4818
7.04 14.6432
7.05 14.805
7.06 14.9672
7.07 15.1298
7.08 15.2928
7.09 15.4562
7.1 15.62
7.11 15.7842
7.12 15.9488
7.13 16.1138
7.14 16.2792
7.15 16.445
7.16 16.6112
7.17 16.7778
7.18 16.9448
7.19 17.1122
7.2 17.28
7.21 17.4482
7.22 17.6168
7.23 17.7858
7.24 17.9552
7.25 18.125
7.26 18.2952
7.27 18.4658
7.28 18.6368
7.29 18.8082
7.3 18.98
7.31 19.1522
7.32 19.3248
7.33 19.4978
7.34 19.6712
7.35 19.845
7.36 20.0192
7.37 20.1938
7.38 20.3688
7.39 20.5442
7.4 20.72
7.41 20.8962
7.42 21.0728
7.43 21.2498
7.44 21.4272
7.45 21.605
7.46 21.7832
7.47 21.9618
7.48 22.1408
7.49 22.3202
7.5 22.5
7.51 22.6802
7.52 22.8608
7.53 23.0418
7.54 23.2232
7.55 23.405
7.56 23.5872
7.57 23.7698
7.58 23.9528
7.59 24.1362
7.6 24.32
7.61 24.5042
7.62 24.6888
7.63 24.8738
7.64 25.0592
7.65 25.245
7.66 25.4312
7.67 25.6178
7.68 25.8048
7.69 25.9922
7.7 26.18
7.71 26.3682
7.72 26.5568
7.73 26.7458
7.74 26.9352
7.75 27.125
7.76 27.3152
7.77 27.5058
7.78 27.6968
7.79 27.8882
7.8 28.08
7.81 28.2722
7.82 28.4648
7.83 28.6578
7.84 28.8512
7.85 29.045
7.86 29.2392
7.87 29.4338
7.88 29.6288
7.89 29.8242
7.9 30.02
7.91 30.2162
7.92 30.4128
7.93 30.6098
7.94 30.8072
7.95 31.005
7.96 31.2032
7.97 31.4018
7.98 31.6008
7.99 31.8002
8 32
8.01 32.2002
8.02 32.4008
8.03 32.6018
8.04 32.8032
8.05 33.005
8.06 33.2072
8.07 33.4098
8.08 33.6128
8.09 33.8162
8.1 34.02
8.11 34.2242
8.12 34.4288
8.13 34.6338
8.14 34.8392
8.15 35.045
8.16 35.2512
8.17 35.4578
8.18 35.6648
8.19 35.8722
8.2 36.08
8.21 36.2882
8.22 36.4968
8.23 36.7058
8.24 36.9152
8.25 37.125
8.26 37.3352
8.27 37.5458
8.28 37.7568
8.29 37.9682
8.3 38.18
8.31 38.3922
8.32 38.6048
8.33 38.8178
8.34 39.0312
8.35 39.245
8.36 39.4592
8.37 39.6738
8.38 39.8888
8.39 40.1042
8.4 40.32
8.41 40.5362
8.42 40.7528
8.43 40.9698
8.44 41.1872
8.45 41.405
8.46 41.6232
8.47 41.8418
8.48 42.0608
8.49 42.2802
8.5 42.5
8.51 42.7202
8.52 42.9408
8.53 43.1618
8.54 43.3832
8.55 43.605
8.56 43.8272
8.57 44.0498
8.58 44.2728
8.59 44.4962
8.6 44.72
8.61 44.9442
8.62 45.1688
8.63 45.3938
8.64 45.6192
8.65 45.845
8.66 46.0712
8.67 46.2978
8.68 46.5248
8.69 46.7522
8.7 46.98
8.71 47.2082
8.72 47.4368
8.73 47.6658
8.74 47.8952
8.75 48.125
8.76 48.3552
8.77 48.5858
8.78 48.8168
8.79 49.0482
8.8 49.28
8.81 49.5122
8.82 49.7448
8.83 49.9778
8.84 50.2112
8.85 50.445
8.86 50.6792
8.87 50.9138
8.88 51.1488
8.89 51.3842
8.9 51.62
8.91 51.8562
8.92 52.0928
8.93 52.3298
8.94 52.5672
8.95 52.805
8.96 53.0432
8.97 53.2818
8.98 53.5208
8.99 53.7602
9 54
9.01 54.2402
9.02 54.4808
9.03 54.7218
9.04 54.9632
9.05 55.205
9.06 55.4472
9.07 55.6898
9.08 55.9328
9.09 56.1762
9.1 56.42
9.11 56.6642
9.12 56.9088
9.13 57.1538
9.14 57.3992
9.15 57.645
9.16 57.8912
9.17 58.1378
9.18 58.3848
9.19 58.6322
9.2 58.88
9.21 59.1282
9.22 59.3768
9.23 59.6258
9.24 59.8752
9.25 60.125
9.26 60.3752
9.27 60.6258
9.28 60.8768
9.29 61.1282
9.3 61.38
9.31 61.6322
9.32 61.8848
9.33 62.1378
9.34 62.3912
9.35 62.645
9.36 62.8992
9.37 63.1538
9.38 63.4088
9.39 63.6642
9.4 63.92
9.41 64.1762
9.42 64.4328
9.43 64.6898
9.44 64.9472
9.45 65.205
9.46 65.4632
9.47 65.7218
9.48 65.9808
9.49 66.2402
9.5 66.5
9.51 66.7602
9.52 67.0208
9.53 67.2818
9.54 67.5432
9.55 67.805
9.56 68.0672
9.57 68.3298
9.58 68.5928
9.59 68.8562
9.6 69.12
9.61 69.3842
9.62 69.6488
9.63 69.9138
9.64 70.1792
9.65 70.445
9.66 70.7112
9.67 70.9778
9.68 71.2448
9.69 71.5122
9.7 71.78
9.71 72.0482
9.72 72.3168
9.73 72.5858
9.74 72.8552
9.75 73.125
9.76 73.3952
9.77 73.6658
9.78 73.9368
9.79 74.2082
9.8 74.48
9.81 74.7522
9.82 75.0248
9.83 75.2978
9.84 75.5712
9.85 75.845
9.86 76.1192
9.87 76.3938
9.88 76.6688
9.89 76.9442
9.9 77.22
9.91 77.4962
9.92 77.7728
9.93 78.0498
9.94 78.3272
9.95 78.605
9.96 78.8832
9.97 79.1618
9.98 79.4408
9.99 79.7202
