0.000000000 1.000000000 1.000000000 1.000000000 1.000000000
0.500000000 0.822916667 0.823067018 0.239583333 0.241494442
1.000000000 0.507052951 0.508325986 -0.112738715 -0.110793765
1.500000000 0.236489755 0.238354819 -0.207782887 -0.206787613
2.000000000 0.065031840 0.066740675 -0.179360837 -0.179379375
2.500000000 -0.017946103 -0.016636287 -0.114695250 -0.114887458
3.000000000 -0.043255073 -0.042262873 -0.055796326 -0.056314776
3.500000000 -0.039379440 -0.038871277 -0.017048064 -0.017685806
4.000000000 -0.025998189 -0.025833222 0.002464099 0.001889421
4.500000000 -0.013123534 -0.013201108 0.008946077 0.008517649
5.000000000 -0.004368867 -0.004549880 0.008612627 0.008372482
5.500000000 0.000198183 0.000012789 0.005872655 0.005779553
6.000000000 0.001829191 0.001687422 0.003070260 0.003072626
6.500000000 0.001874844 0.001791660 0.001099397 0.001144820
7.000000000 0.001321660 0.001286564 0.000035815 0.000088376
