0.000000000 1.000000000 1.000000000 1.000000000 1.000000000
1.000000000 0.500000000 0.508325986 -0.166666667 -0.110793765
2.000000000 0.027777778 0.066740675 -0.194444444 -0.179379375
3.000000000 -0.060185185 -0.042262873 -0.041666667 -0.056314776
4.000000000 -0.023919753 -0.025833222 0.013117284 0.001889421
5.000000000 -0.005382453 -0.004549880 0.015329449 0.008372482
6.000000000 0.008050127 0.001687422 0.007588667 0.003072626
7.000000000 0.002779849 0.001286564 -0.003605294 0.000088376
8.000000000 -0.000290793 0.000283083 0.000905648 -0.000380703
9.000000000 0.001386875 -0.000061583 -0.001833002 -0.000163302
